===== nsys capped b1_s1024_h8_d256_causal_fp8 (ovlql=1 auto cap) =====
911202103 7104 4096 1 1 128 -2 -1 fl…
911231127 16096 640 1 1 128 -2 -1 fl…
911243415 14496 8 8 8 128 -2 -1 …
911264407 2432 32 1 1 256 -2 -1 int)
911399895 189408 8 64 1 128 -2 -1 (bool)1,…
911590231 9792 4096 1 1 128 -2 -1 fl…
911601015 16832 8 8 8 128 -2 -1 …
911601495 25152 640 1 1 128 -2 -1 fl…
===== nsys capped b1_s1024_h2_d512_causal_fp8 (ovlql=1 auto cap) =====
907650378 5120 1024 1 1 128 -2 -1 f…
907677706 12480 160 1 1 128 -2 -1 f…
907686666 10240 8 2 16 128 -2 -1 …
907712042 5408 8 1 1 256 -2 -1 int)
907869578 118240 256 2 1 256 -2 -1 (bool)1,…
907988714 4864 1024 1 1 128 -2 -1 f…
907994570 10560 8 2 16 128 -2 -1 …
907994826 16800 160 1 1 128 -2 -1 f…
===== nsys UNCAPPED b1_s1024_h8_d256_causal_fp8 (ovlql=1 --ovlcap=-1) =====
910028279 7232 4096 1 1
910058135 14464 10240 1 1
910074423 12448 8 8 8
910093111 2464 32 1 1
910229783 189824 8 64 1
910420631 9792 4096 1 1
910431479 19264 8 8 8
910431895 22432 10240 1 1
===== nsys UNCAPPED b1_s1024_h2_d512_causal_fp8 (ovlql=1 --ovlcap=-1) =====
902110302 5408 1024 1 1
902137982 8032 2560 1 1
902154110 8864 8 2 16
902172062 5472 8 1 1
902328478 116736 256 2 1
902446526 4672 1024 1 1
902452222 12512 8 2 16
902452510 9792 2560 1 1
