Device : NVIDIA H100 80GB HBM3
  SMs                : 132
  clock              : 1.980 GHz
  HBM bandwidth(peak): 3352.3 GB/s
  memory             : 85.0 GB
  max threads/SM     : 2048  regs/SM: 65536  smem/SM: 233472 B

W4A16 small-M sweep: N=17408 K=5120 group=128 ; W_int4=44.6 MB scales=2.8 MB total=47.3 MB
张量核 ridge M* = 989/(2/(0.53)) ... AI(M)=3.77*M, M* = 78

  roof_g528            0.0192 ms  W+s  2470.5 GB/s (73.7% HBM)
  roof_g1056           0.0184 ms  W+s  2576.0 GB/s (76.8% HBM)
  roof_g2112           0.0196 ms  W+s  2417.9 GB/s (72.1% HBM)
=== 精度校验（M=64, 抽样 48 点）===
  [gemv_r1_mt1   ] max_abs_err=2.665e-07 (ref~2.6) rel=1.03e-07 OK
  [gemv_r2_mt1   ] max_abs_err=2.665e-07 (ref~2.6) rel=1.03e-07 OK
  [gemv_r4_mt1   ] max_abs_err=2.665e-07 (ref~2.6) rel=1.03e-07 OK
  [gemv_r2_mt2   ] max_abs_err=2.665e-07 (ref~2.6) rel=1.03e-07 OK
  [gemv_r1_mt2   ] max_abs_err=2.665e-07 (ref~2.6) rel=1.03e-07 OK
  [gemv_r4_mt2   ] max_abs_err=2.665e-07 (ref~2.6) rel=1.03e-07 OK
  [gemv_r2_mt4   ] max_abs_err=2.665e-07 (ref~2.6) rel=1.03e-07 OK
  [gemv_r1_mt8   ] max_abs_err=2.665e-07 (ref~2.6) rel=1.03e-07 OK
  [gemv_r2_mt8   ] max_abs_err=2.665e-07 (ref~2.6) rel=1.03e-07 OK
  [mma_b16       ] max_abs_err=6.695e-03 (ref~2.6) rel=2.60e-03 OK
  [mma_b16_k4    ] max_abs_err=6.694e-03 (ref~2.6) rel=2.60e-03 OK
  [mma_b16_k8    ] max_abs_err=6.694e-03 (ref~2.6) rel=2.60e-03 OK
  [mma_b32       ] max_abs_err=6.695e-03 (ref~2.6) rel=2.60e-03 OK
  [mma_b32_k4    ] max_abs_err=6.694e-03 (ref~2.6) rel=2.60e-03 OK
  [mma_b32_k8    ] max_abs_err=6.694e-03 (ref~2.6) rel=2.60e-03 OK
  [mma_b64       ] max_abs_err=6.695e-03 (ref~2.6) rel=2.60e-03 OK
  [mma_b64_k4    ] max_abs_err=6.694e-03 (ref~2.6) rel=2.60e-03 OK
  [wgmma_m64_k1  ] max_abs_err=6.695e-03 (ref~2.6) rel=2.60e-03 OK
  [wgmma_m64_k2  ] max_abs_err=6.695e-03 (ref~2.6) rel=2.60e-03 OK
  [wgmma_m64_k3  ] max_abs_err=1.522e-02 (ref~2.6) rel=5.91e-03 OK
  [wgmma_m64_k5  ] max_abs_err=6.695e-03 (ref~2.6) rel=2.60e-03 OK

=== M 扫描（同进程、warmup=5 iters=50；括号=权重读遍数）===
kernel\M                      1          2          3          4          6          8         12         16         24         32         48         64
gemv_r1_mt1            0.0332(1)   0.0642(2)   0.0952(3)   0.1262(4)   0.1882(6)   0.2502(8)   0.3741(12)   0.4989(16)   0.7480(24)   1.0003(32)   1.5015(48)   2.0013(64)
gemv_r2_mt1            0.0309(1)   0.0594(2)   0.0878(3)   0.1164(4)   0.1734(6)   0.2304(8)   0.3446(12)   0.4590(16)   0.6871(24)   0.9158(32)   1.3725(48)   1.8293(64)
gemv_r4_mt1            0.0334(1)   0.0644(2)   0.0956(3)   0.1268(4)   0.1890(6)   0.2512(8)   0.3756(12)   0.5000(16)   0.7491(24)   0.9981(32)   1.4968(48)   1.9951(64)
gemv_r2_mt2            0.0412(1)   0.0414(1)   0.0803(2)   0.0806(2)   0.1197(3)   0.1588(4)   0.2371(6)   0.3153(8)   0.4718(12)   0.6286(16)   0.9419(24)   1.2552(32)
gemv_r1_mt2            0.0596(1)   0.0613(1)   0.1190(2)   0.1200(2)   0.1791(3)   0.2389(4)   0.3566(6)   0.4740(8)   0.7106(12)   0.9472(16)   1.4202(24)   1.8945(32)
gemv_r4_mt2            0.0374(1)   0.0379(1)   0.0732(2)   0.0736(2)   0.1091(3)   0.1447(4)   0.2159(6)   0.2871(8)   0.4298(12)   0.5722(16)   0.8577(24)   1.1428(32)
gemv_r2_mt4            0.0783(1)   0.0789(1)   0.0796(1)   0.0799(1)   0.1566(2)   0.1574(2)   0.2350(3)   0.3126(4)   0.4680(6)   0.6233(8)   0.9339(12)   1.2442(16)
gemv_r1_mt8            0.2165(1)   0.2175(1)   0.2186(1)   0.2197(1)   0.2215(1)   0.2236(1)   0.4410(2)   0.4450(2)   0.6665(3)   0.8880(4)   1.3308(6)   1.7738(8)
gemv_r2_mt8            0.1454(1)   0.1461(1)   0.1468(1)   0.1476(1)   0.1493(1)   0.1513(1)   0.2967(2)   0.3004(2)   0.4497(3)   0.5991(4)   0.8978(6)   1.1965(8)
mma_b16                0.1605(1)   0.1596(1)   0.1590(1)   0.1590(1)   0.1591(1)   0.1593(1)   0.1603(1)   0.1614(1)   0.1655(2)   0.1662(2)   0.1992(3)   0.2959(4)
mma_b16_k4             0.0833(1)   0.0836(1)   0.0836(1)   0.0838(1)   0.0842(1)   0.0847(1)   0.0854(1)   0.0869(1)   0.1277(2)   0.1292(2)   0.1728(3)   0.2188(4)
mma_b16_k8             0.0700(1)   0.0702(1)   0.0703(1)   0.0706(1)   0.0711(1)   0.0715(1)   0.0728(1)   0.0750(1)   0.1182(2)   0.1214(2)   0.1682(3)   0.2188(4)
mma_b32                0.1468(1)   0.1467(1)   0.1465(1)   0.1465(1)   0.1467(1)   0.1467(1)   0.1454(1)   0.1443(1)   0.1455(1)   0.1469(1)   0.1898(2)   0.1905(2)
mma_b32_k4             0.0871(1)   0.0873(1)   0.0873(1)   0.0875(1)   0.0879(1)   0.0882(1)   0.0887(1)   0.0898(1)   0.0918(1)   0.0943(1)   0.1484(2)   0.1527(2)
mma_b32_k8             0.0778(1)   0.0780(1)   0.0781(1)   0.0782(1)   0.0786(1)   0.0790(1)   0.0799(1)   0.0816(1)   0.0849(1)   0.0883(1)   0.1440(2)   0.1505(2)
mma_b64                0.1704(1)   0.1706(1)   0.1706(1)   0.1707(1)   0.1708(1)   0.1707(1)   0.1712(1)   0.1716(1)   0.1725(1)   0.1733(1)   0.1754(1)   0.1773(1)
mma_b64_k4             0.1131(1)   0.1131(1)   0.1132(1)   0.1132(1)   0.1133(1)   0.1133(1)   0.1141(1)   0.1149(1)   0.1168(1)   0.1187(1)   0.1229(1)   0.1277(1)
wgmma_m64_k1           0.1268(1)   0.1268(1)   0.1268(1)   0.1270(1)   0.1273(1)   0.1273(1)   0.1274(1)   0.1277(1)   0.1277(1)   0.1282(1)   0.1289(1)   0.1295(1)
wgmma_m64_k2           0.1154(1)   0.1154(1)   0.1155(1)   0.1155(1)   0.1156(1)   0.1153(1)   0.1158(1)   0.1155(1)   0.1161(1)   0.1172(1)   0.1200(1)   0.1226(1)
wgmma_m64_k3           0.0905(1)   0.0905(1)   0.0905(1)   0.0905(1)   0.0906(1)   0.0901(1)   0.0911(1)   0.0909(1)   0.0912(1)   0.0925(1)   0.0953(1)   0.0985(1)
wgmma_m64_k5           0.0829(1)   0.0830(1)   0.0831(1)   0.0832(1)   0.0833(1)   0.0827(1)   0.0839(1)   0.0837(1)   0.0844(1)   0.0865(1)   0.0911(1)   0.0956(1)

=== 每个 M 的最优 kernel（按 ms）===
M      best                  ms    TFLOPS     Wpass  realGB/s
1      gemv_r2_mt1       0.0309      5.77         1    1535.8
2      gemv_r4_mt2       0.0379      9.41         1    1253.9
3      mma_b16_k8        0.0703      7.61         1     677.2
4      mma_b16_k8        0.0706     10.10         1     675.5
6      mma_b16_k8        0.0711     15.05         1     672.9
8      mma_b16_k8        0.0715     19.94         1     671.0
12     mma_b16_k8        0.0728     29.39         1     663.7
16     mma_b16_k8        0.0750     38.03         1     648.3
24     wgmma_m64_k5      0.0844     50.69         1     583.8
32     wgmma_m64_k5      0.0865     65.98         1     577.3
48     wgmma_m64_k5      0.0911     93.92         1     561.8
64     wgmma_m64_k5      0.0956    119.30         1     548.6

汇总（M∈{1,2,4,8,16,32,64} 各点最优之和，relative 以 always-wgmma 为 1.000）：
  always GEMV  : 3.9746 ms  (relative 3.884)
  always mma   : 0.9952 ms  (relative 0.973)
  always wgmma : 1.0233 ms  (relative 1.000)
  adaptive     : 0.8576 ms  (relative 0.838)  -> 相对 always-wgmma 1.19x / always-GEMV 4.63x
